0.0 0.0
0.012345679012345678 0.0
0.012345679012345678 0.0
0.018518518518518517 -0.010691671651659735
0.018518518518518517 -0.010691671651659735
0.024691358024691357 0.0
0.024691358024691357 0.0
0.037037037037037035 0.0
0.037037037037037035 0.0
0.043209876543209874 -0.010691671651659735
0.043209876543209874 -0.010691671651659735
0.037037037037037035 -0.02138334330331947
0.037037037037037035 -0.02138334330331947
0.04938271604938271 -0.02138334330331947
0.04938271604938271 -0.02138334330331947
0.05555555555555555 -0.032075014954979206
0.05555555555555555 -0.032075014954979206
0.06172839506172839 -0.021383343303319473
0.06172839506172839 -0.021383343303319473
0.07407407407407407 -0.02138334330331947
0.07407407407407407 -0.02138334330331947
0.06790123456790123 -0.010691671651659736
0.06790123456790123 -0.010691671651659736
0.07407407407407407 0.0
0.07407407407407407 0.0
0.08641975308641975 0.0
0.08641975308641975 0.0
0.09259259259259259 -0.010691671651659735
0.09259259259259259 -0.010691671651659735
0.09876543209876543 0.0
0.09876543209876543 0.0
0.1111111111111111 0.0
0.1111111111111111 0.0
0.11728395061728394 -0.010691671651659735
0.11728395061728394 -0.010691671651659735
0.1111111111111111 -0.02138334330331947
0.1111111111111111 -0.02138334330331947
0.12345679012345678 -0.02138334330331947
0.12345679012345678 -0.02138334330331947
0.12962962962962962 -0.032075014954979206
0.12962962962962962 -0.032075014954979206
0.12345679012345678 -0.04276668660663894
0.12345679012345678 -0.04276668660663894
0.11111111111111112 -0.042766686606638946
0.11111111111111112 -0.042766686606638946
0.11728395061728396 -0.05345835825829867
0.11728395061728396 -0.05345835825829867
0.11111111111111112 -0.06415002990995841
0.11111111111111112 -0.06415002990995841
0.1234567901234568 -0.06415002990995841
0.1234567901234568 -0.06415002990995841
0.12962962962962962 -0.07484170156161814
0.12962962962962962 -0.07484170156161814
0.13580246913580246 -0.06415002990995841
0.13580246913580246 -0.06415002990995841
0.14814814814814814 -0.06415002990995841
0.14814814814814814 -0.06415002990995841
0.15432098765432098 -0.07484170156161815
0.15432098765432098 -0.07484170156161815
0.14814814814814814 -0.08553337321327789
0.14814814814814814 -0.08553337321327789
0.16049382716049382 -0.08553337321327788
0.16049382716049382 -0.08553337321327788
0.16666666666666666 -0.09622504486493762
0.16666666666666666 -0.09622504486493762
0.1728395061728395 -0.08553337321327788
0.1728395061728395 -0.08553337321327788
0.18518518518518517 -0.08553337321327789
0.18518518518518517 -0.08553337321327789
0.17901234567901234 -0.07484170156161815
0.17901234567901234 -0.07484170156161815
0.18518518518518517 -0.06415002990995841
0.18518518518518517 -0.06415002990995841
0.19753086419753085 -0.06415002990995841
0.19753086419753085 -0.06415002990995841
0.2037037037037037 -0.07484170156161815
0.2037037037037037 -0.07484170156161815
0.20987654320987653 -0.06415002990995841
0.20987654320987653 -0.06415002990995841
0.2222222222222222 -0.06415002990995841
0.2222222222222222 -0.06415002990995841
0.21604938271604937 -0.05345835825829868
0.21604938271604937 -0.05345835825829868
0.2222222222222222 -0.04276668660663894
0.2222222222222222 -0.04276668660663894
0.20987654320987653 -0.042766686606638946
0.20987654320987653 -0.042766686606638946
0.2037037037037037 -0.032075014954979206
0.2037037037037037 -0.032075014954979206
0.20987654320987653 -0.021383343303319473
0.20987654320987653 -0.021383343303319473
0.2222222222222222 -0.02138334330331947
0.2222222222222222 -0.02138334330331947
0.21604938271604937 -0.010691671651659736
0.21604938271604937 -0.010691671651659736
0.2222222222222222 0.0
0.2222222222222222 0.0
0.2345679012345679 0.0
0.2345679012345679 0.0
0.24074074074074073 -0.010691671651659735
0.24074074074074073 -0.010691671651659735
0.24691358024691357 0.0
0.24691358024691357 0.0
0.25925925925925924 0.0
0.25925925925925924 0.0
0.2654320987654321 -0.010691671651659735
0.2654320987654321 -0.010691671651659735
0.25925925925925924 -0.02138334330331948
0.25925925925925924 -0.02138334330331948
0.2716049382716049 -0.02138334330331947
0.2716049382716049 -0.02138334330331947
0.2777777777777778 -0.032075014954979206
0.2777777777777778 -0.032075014954979206
0.2839506172839506 -0.021383343303319473
0.2839506172839506 -0.021383343303319473
0.2962962962962963 -0.021383343303319462
0.2962962962962963 -0.021383343303319462
0.29012345679012347 -0.010691671651659736
0.29012345679012347 -0.010691671651659736
0.2962962962962963 0.0
0.2962962962962963 0.0
0.30864197530864196 0.0
0.30864197530864196 0.0
0.31481481481481477 -0.010691671651659735
0.31481481481481477 -0.010691671651659735
0.32098765432098764 0.0
0.32098765432098764 0.0
0.3333333333333333 0.0
0.3333333333333333 0.0
0.3395061728395062 -0.010691671651659735
0.3395061728395062 -0.010691671651659735
0.3333333333333333 -0.02138334330331948
0.3333333333333333 -0.02138334330331948
0.345679012345679 -0.02138334330331947
0.345679012345679 -0.02138334330331947
0.35185185185185186 -0.032075014954979206
0.35185185185185186 -0.032075014954979206
0.345679012345679 -0.042766686606638946
0.345679012345679 -0.042766686606638946
0.3333333333333333 -0.04276668660663894
0.3333333333333333 -0.04276668660663894
0.3395061728395062 -0.053458358258298685
0.3395061728395062 -0.053458358258298685
0.3333333333333333 -0.06415002990995843
0.3333333333333333 -0.06415002990995843
0.345679012345679 -0.06415002990995843
0.345679012345679 -0.06415002990995843
0.35185185185185186 -0.07484170156161815
0.35185185185185186 -0.07484170156161815
0.35802469135802467 -0.06415002990995841
0.35802469135802467 -0.06415002990995841
0.37037037037037035 -0.06415002990995841
0.37037037037037035 -0.06415002990995841
0.3765432098765432 -0.07484170156161815
0.3765432098765432 -0.07484170156161815
0.3703703703703704 -0.08553337321327789
0.3703703703703704 -0.08553337321327789
0.38271604938271603 -0.08553337321327788
0.38271604938271603 -0.08553337321327788
0.3888888888888889 -0.09622504486493762
0.3888888888888889 -0.09622504486493762
0.38271604938271603 -0.10691671651659736
0.38271604938271603 -0.10691671651659736
0.3703703703703704 -0.10691671651659734
0.3703703703703704 -0.10691671651659734
0.3765432098765432 -0.11760838816825708
0.3765432098765432 -0.11760838816825708
0.37037037037037035 -0.12830005981991682
0.37037037037037035 -0.12830005981991682
0.35802469135802467 -0.12830005981991682
0.35802469135802467 -0.12830005981991682
0.35185185185185186 -0.11760838816825708
0.35185185185185186 -0.11760838816825708
0.345679012345679 -0.12830005981991682
0.345679012345679 -0.12830005981991682
0.3333333333333333 -0.12830005981991682
0.3333333333333333 -0.12830005981991682
0.3395061728395062 -0.13899173147157656
0.3395061728395062 -0.13899173147157656
0.3333333333333333 -0.1496834031232363
0.3333333333333333 -0.1496834031232363
0.345679012345679 -0.1496834031232363
0.345679012345679 -0.1496834031232363
0.35185185185185186 -0.16037507477489604
0.35185185185185186 -0.16037507477489604
0.345679012345679 -0.17106674642655578
0.345679012345679 -0.17106674642655578
0.3333333333333333 -0.17106674642655578
0.3333333333333333 -0.17106674642655578
0.3395061728395062 -0.18175841807821552
0.3395061728395062 -0.18175841807821552
0.3333333333333333 -0.19245008972987526
0.3333333333333333 -0.19245008972987526
0.345679012345679 -0.19245008972987526
0.345679012345679 -0.19245008972987526
0.35185185185185186 -0.203141761381535
0.35185185185185186 -0.203141761381535
0.35802469135802467 -0.19245008972987526
0.35802469135802467 -0.19245008972987526
0.37037037037037035 -0.19245008972987526
0.37037037037037035 -0.19245008972987526
0.37654320987654316 -0.203141761381535
0.37654320987654316 -0.203141761381535
0.37037037037037035 -0.21383343303319474
0.37037037037037035 -0.21383343303319474
0.38271604938271603 -0.21383343303319474
0.38271604938271603 -0.21383343303319474
0.38888888888888884 -0.22452510468485448
0.38888888888888884 -0.22452510468485448
0.3950617283950617 -0.21383343303319474
0.3950617283950617 -0.21383343303319474
0.4074074074074074 -0.21383343303319474
0.4074074074074074 -0.21383343303319474
0.4012345679012345 -0.20314176138153497
0.4012345679012345 -0.20314176138153497
0.4074074074074074 -0.19245008972987523
0.4074074074074074 -0.19245008972987523
0.41975308641975306 -0.19245008972987523
0.41975308641975306 -0.19245008972987523
0.42592592592592593 -0.20314176138153497
0.42592592592592593 -0.20314176138153497
0.43209876543209874 -0.19245008972987523
0.43209876543209874 -0.19245008972987523
0.4444444444444444 -0.19245008972987523
0.4444444444444444 -0.19245008972987523
0.4506172839506173 -0.20314176138153497
0.4506172839506173 -0.20314176138153497
0.4444444444444445 -0.2138334330331947
0.4444444444444445 -0.2138334330331947
0.4567901234567901 -0.2138334330331947
0.4567901234567901 -0.2138334330331947
0.46296296296296297 -0.22452510468485443
0.46296296296296297 -0.22452510468485443
0.4567901234567901 -0.23521677633651417
0.4567901234567901 -0.23521677633651417
0.4444444444444445 -0.23521677633651417
0.4444444444444445 -0.23521677633651417
0.4506172839506173 -0.2459084479881739
0.4506172839506173 -0.2459084479881739
0.4444444444444444 -0.25660011963983365
0.4444444444444444 -0.25660011963983365
0.4567901234567901 -0.25660011963983365
0.4567901234567901 -0.25660011963983365
0.4629629629629629 -0.2672917912914934
0.4629629629629629 -0.2672917912914934
0.4691358024691358 -0.25660011963983365
0.4691358024691358 -0.25660011963983365
0.48148148148148145 -0.25660011963983365
0.48148148148148145 -0.25660011963983365
0.4876543209876543 -0.2672917912914934
0.4876543209876543 -0.2672917912914934
0.48148148148148145 -0.2779834629431531
0.48148148148148145 -0.2779834629431531
0.49382716049382713 -0.2779834629431531
0.49382716049382713 -0.2779834629431531
0.5 -0.28867513459481287
0.5 -0.28867513459481287
0.5061728395061729 -0.2779834629431531
0.5061728395061729 -0.2779834629431531
0.5185185185185186 -0.2779834629431531
0.5185185185185186 -0.2779834629431531
0.5123456790123456 -0.2672917912914934
0.5123456790123456 -0.2672917912914934
0.5185185185185185 -0.25660011963983365
0.5185185185185185 -0.25660011963983365
0.5308641975308642 -0.25660011963983365
0.5308641975308642 -0.25660011963983365
0.537037037037037 -0.2672917912914934
0.537037037037037 -0.2672917912914934
0.5432098765432098 -0.25660011963983365
0.5432098765432098 -0.25660011963983365
0.5555555555555556 -0.25660011963983365
0.5555555555555556 -0.25660011963983365
0.5493827160493827 -0.24590844798817393
0.5493827160493827 -0.24590844798817393
0.5555555555555556 -0.2352167763365142
0.5555555555555556 -0.2352167763365142
0.54320987654321 -0.2352167763365142
0.54320987654321 -0.2352167763365142
0.5370370370370371 -0.22452510468485448
0.5370370370370371 -0.22452510468485448
0.54320987654321 -0.21383343303319474
0.54320987654321 -0.21383343303319474
0.5555555555555556 -0.21383343303319474
0.5555555555555556 -0.21383343303319474
0.5493827160493827 -0.203141761381535
0.5493827160493827 -0.203141761381535
0.5555555555555556 -0.19245008972987526
0.5555555555555556 -0.19245008972987526
0.5679012345679012 -0.19245008972987526
0.5679012345679012 -0.19245008972987526
0.5740740740740741 -0.20314176138153497
0.5740740740740741 -0.20314176138153497
0.5802469135802469 -0.19245008972987526
0.5802469135802469 -0.19245008972987526
0.5925925925925926 -0.19245008972987526
0.5925925925925926 -0.19245008972987526
0.5987654320987654 -0.203141761381535
0.5987654320987654 -0.203141761381535
0.5925925925925926 -0.21383343303319477
0.5925925925925926 -0.21383343303319477
0.6049382716049383 -0.21383343303319471
0.6049382716049383 -0.21383343303319471
0.6111111111111112 -0.22452510468485445
0.6111111111111112 -0.22452510468485445
0.617283950617284 -0.21383343303319471
0.617283950617284 -0.21383343303319471
0.6296296296296298 -0.21383343303319471
0.6296296296296298 -0.21383343303319471
0.6234567901234568 -0.20314176138153497
0.6234567901234568 -0.20314176138153497
0.6296296296296297 -0.19245008972987523
0.6296296296296297 -0.19245008972987523
0.6419753086419753 -0.19245008972987523
0.6419753086419753 -0.19245008972987523
0.6481481481481481 -0.20314176138153495
0.6481481481481481 -0.20314176138153495
0.654320987654321 -0.19245008972987523
0.654320987654321 -0.19245008972987523
0.6666666666666666 -0.19245008972987523
0.6666666666666666 -0.19245008972987523
0.6604938271604938 -0.1817584180782155
0.6604938271604938 -0.1817584180782155
0.6666666666666667 -0.17106674642655578
0.6666666666666667 -0.17106674642655578
0.654320987654321 -0.17106674642655578
0.654320987654321 -0.17106674642655578
0.6481481481481481 -0.16037507477489604
0.6481481481481481 -0.16037507477489604
0.654320987654321 -0.1496834031232363
0.654320987654321 -0.1496834031232363
0.6666666666666667 -0.1496834031232363
0.6666666666666667 -0.1496834031232363
0.6604938271604938 -0.13899173147157656
0.6604938271604938 -0.13899173147157656
0.6666666666666666 -0.12830005981991682
0.6666666666666666 -0.12830005981991682
0.6543209876543209 -0.12830005981991682
0.6543209876543209 -0.12830005981991682
0.6481481481481481 -0.11760838816825707
0.6481481481481481 -0.11760838816825707
0.6419753086419753 -0.12830005981991682
0.6419753086419753 -0.12830005981991682
0.6296296296296295 -0.12830005981991682
0.6296296296296295 -0.12830005981991682
0.6234567901234567 -0.1176083881682571
0.6234567901234567 -0.1176083881682571
0.6296296296296295 -0.10691671651659737
0.6296296296296295 -0.10691671651659737
0.6172839506172839 -0.10691671651659737
0.6172839506172839 -0.10691671651659737
0.611111111111111 -0.09622504486493763
0.611111111111111 -0.09622504486493763
0.6172839506172839 -0.08553337321327789
0.6172839506172839 -0.08553337321327789
0.6296296296296295 -0.08553337321327788
0.6296296296296295 -0.08553337321327788
0.6234567901234567 -0.07484170156161817
0.6234567901234567 -0.07484170156161817
0.6296296296296295 -0.06415002990995843
0.6296296296296295 -0.06415002990995843
0.6419753086419753 -0.06415002990995843
0.6419753086419753 -0.06415002990995843
0.6481481481481481 -0.07484170156161818
0.6481481481481481 -0.07484170156161818
0.6543209876543209 -0.06415002990995843
0.6543209876543209 -0.06415002990995843
0.6666666666666666 -0.06415002990995843
0.6666666666666666 -0.06415002990995843
0.6604938271604938 -0.05345835825829869
0.6604938271604938 -0.05345835825829869
0.6666666666666667 -0.04276668660663896
0.6666666666666667 -0.04276668660663896
0.654320987654321 -0.04276668660663896
0.654320987654321 -0.04276668660663896
0.6481481481481481 -0.03207501495497922
0.6481481481481481 -0.03207501495497922
0.654320987654321 -0.02138334330331948
0.654320987654321 -0.02138334330331948
0.6666666666666667 -0.02138334330331947
0.6666666666666667 -0.02138334330331947
0.6604938271604938 -0.01069167165165974
0.6604938271604938 -0.01069167165165974
0.6666666666666666 0.0
0.6666666666666666 0.0
0.6790123456790124 0.0
0.6790123456790124 0.0
0.6851851851851851 -0.010691671651659754
0.6851851851851851 -0.010691671651659754
0.691358024691358 0.0
0.691358024691358 0.0
0.7037037037037037 0.0
0.7037037037037037 0.0
0.7098765432098766 -0.01069167165165974
0.7098765432098766 -0.01069167165165974
0.7037037037037037 -0.02138334330331947
0.7037037037037037 -0.02138334330331947
0.7160493827160493 -0.02138334330331948
0.7160493827160493 -0.02138334330331948
0.7222222222222222 -0.03207501495497922
0.7222222222222222 -0.03207501495497922
0.7283950617283951 -0.02138334330331948
0.7283950617283951 -0.02138334330331948
0.7407407407407407 -0.02138334330331947
0.7407407407407407 -0.02138334330331947
0.7345679012345678 -0.01069167165165974
0.7345679012345678 -0.01069167165165974
0.7407407407407407 0.0
0.7407407407407407 0.0
0.7530864197530864 0.0
0.7530864197530864 0.0
0.7592592592592593 -0.010691671651659754
0.7592592592592593 -0.010691671651659754
0.7654320987654321 0.0
0.7654320987654321 0.0
0.7777777777777778 0.0
0.7777777777777778 0.0
0.7839506172839507 -0.010691671651659735
0.7839506172839507 -0.010691671651659735
0.7777777777777777 -0.021383343303319462
0.7777777777777777 -0.021383343303319462
0.7901234567901234 -0.02138334330331947
0.7901234567901234 -0.02138334330331947
0.7962962962962963 -0.032075014954979206
0.7962962962962963 -0.032075014954979206
0.7901234567901234 -0.04276668660663893
0.7901234567901234 -0.04276668660663893
0.7777777777777777 -0.04276668660663894
0.7777777777777777 -0.04276668660663894
0.7839506172839507 -0.053458358258298665
0.7839506172839507 -0.053458358258298665
0.7777777777777778 -0.0641500299099584
0.7777777777777778 -0.0641500299099584
0.7901234567901234 -0.0641500299099584
0.7901234567901234 -0.0641500299099584
0.7962962962962963 -0.07484170156161812
0.7962962962962963 -0.07484170156161812
0.8024691358024691 -0.06415002990995841
0.8024691358024691 -0.06415002990995841
0.8148148148148148 -0.06415002990995841
0.8148148148148148 -0.06415002990995841
0.8209876543209876 -0.07484170156161815
0.8209876543209876 -0.07484170156161815
0.8148148148148147 -0.08553337321327788
0.8148148148148147 -0.08553337321327788
0.8271604938271604 -0.08553337321327789
0.8271604938271604 -0.08553337321327789
0.8333333333333333 -0.09622504486493763
0.8333333333333333 -0.09622504486493763
0.8395061728395061 -0.08553337321327789
0.8395061728395061 -0.08553337321327789
0.8518518518518519 -0.08553337321327788
0.8518518518518519 -0.08553337321327788
0.8456790123456789 -0.07484170156161817
0.8456790123456789 -0.07484170156161817
0.8518518518518517 -0.06415002990995843
0.8518518518518517 -0.06415002990995843
0.8641975308641975 -0.06415002990995843
0.8641975308641975 -0.06415002990995843
0.8703703703703702 -0.07484170156161818
0.8703703703703702 -0.07484170156161818
0.8765432098765431 -0.06415002990995843
0.8765432098765431 -0.06415002990995843
0.8888888888888888 -0.06415002990995843
0.8888888888888888 -0.06415002990995843
0.882716049382716 -0.05345835825829869
0.882716049382716 -0.05345835825829869
0.8888888888888888 -0.04276668660663896
0.8888888888888888 -0.04276668660663896
0.8765432098765432 -0.04276668660663896
0.8765432098765432 -0.04276668660663896
0.8703703703703703 -0.03207501495497922
0.8703703703703703 -0.03207501495497922
0.8765432098765432 -0.02138334330331948
0.8765432098765432 -0.02138334330331948
0.8888888888888888 -0.02138334330331947
0.8888888888888888 -0.02138334330331947
0.882716049382716 -0.01069167165165974
0.882716049382716 -0.01069167165165974
0.8888888888888888 0.0
0.8888888888888888 0.0
0.9012345679012346 0.0
0.9012345679012346 0.0
0.9074074074074074 -0.010691671651659754
0.9074074074074074 -0.010691671651659754
0.9135802469135802 0.0
0.9135802469135802 0.0
0.9259259259259259 0.0
0.9259259259259259 0.0
0.9320987654320988 -0.01069167165165974
0.9320987654320988 -0.01069167165165974
0.9259259259259258 -0.02138334330331947
0.9259259259259258 -0.02138334330331947
0.9382716049382716 -0.02138334330331948
0.9382716049382716 -0.02138334330331948
0.9444444444444444 -0.03207501495497922
0.9444444444444444 -0.03207501495497922
0.9506172839506173 -0.02138334330331948
0.9506172839506173 -0.02138334330331948
0.962962962962963 -0.02138334330331947
0.962962962962963 -0.02138334330331947
0.95679012345679 -0.01069167165165974
0.95679012345679 -0.01069167165165974
0.9629629629629629 0.0
0.9629629629629629 0.0
0.9753086419753086 0.0
0.9753086419753086 0.0
0.9814814814814814 -0.010691671651659754
0.9814814814814814 -0.010691671651659754
0.9876543209876543 0.0
0.9876543209876543 0.0
1.0 0.0
1.0 0.0
0.9938271604938271 0.010691671651659735
0.9938271604938271 0.010691671651659735
1.0 0.021383343303319462
1.0 0.021383343303319462
0.9876543209876544 0.02138334330331947
0.9876543209876544 0.02138334330331947
0.9814814814814815 0.032075014954979206
0.9814814814814815 0.032075014954979206
0.9876543209876544 0.042766686606638946
0.9876543209876544 0.042766686606638946
1.0 0.04276668660663895
1.0 0.04276668660663895
0.9938271604938271 0.053458358258298685
0.9938271604938271 0.053458358258298685
1.0 0.06415002990995843
1.0 0.06415002990995843
0.9876543209876543 0.06415002990995843
0.9876543209876543 0.06415002990995843
0.9814814814814814 0.07484170156161817
0.9814814814814814 0.07484170156161817
0.9753086419753086 0.06415002990995841
0.9753086419753086 0.06415002990995841
0.9629629629629629 0.06415002990995841
0.9629629629629629 0.06415002990995841
0.95679012345679 0.07484170156161815
0.95679012345679 0.07484170156161815
0.962962962962963 0.08553337321327788
0.962962962962963 0.08553337321327788
0.9506172839506173 0.08553337321327788
0.9506172839506173 0.08553337321327788
0.9444444444444444 0.09622504486493762
0.9444444444444444 0.09622504486493762
0.9506172839506173 0.10691671651659736
0.9506172839506173 0.10691671651659736
0.962962962962963 0.10691671651659736
0.962962962962963 0.10691671651659736
0.95679012345679 0.11760838816825708
0.95679012345679 0.11760838816825708
0.9629629629629629 0.12830005981991682
0.9629629629629629 0.12830005981991682
0.9753086419753086 0.12830005981991682
0.9753086419753086 0.12830005981991682
0.9814814814814814 0.11760838816825707
0.9814814814814814 0.11760838816825707
0.9876543209876543 0.12830005981991682
0.9876543209876543 0.12830005981991682
1.0 0.12830005981991682
1.0 0.12830005981991682
0.9938271604938271 0.13899173147157656
0.9938271604938271 0.13899173147157656
1.0 0.1496834031232363
1.0 0.1496834031232363
0.9876543209876544 0.1496834031232363
0.9876543209876544 0.1496834031232363
0.9814814814814815 0.16037507477489604
0.9814814814814815 0.16037507477489604
0.9876543209876544 0.17106674642655578
0.9876543209876544 0.17106674642655578
1.0 0.17106674642655578
1.0 0.17106674642655578
0.9938271604938271 0.1817584180782155
0.9938271604938271 0.1817584180782155
1.0 0.19245008972987523
1.0 0.19245008972987523
0.9876543209876544 0.19245008972987523
0.9876543209876544 0.19245008972987523
0.9814814814814815 0.20314176138153495
0.9814814814814815 0.20314176138153495
0.9753086419753086 0.19245008972987523
0.9753086419753086 0.19245008972987523
0.962962962962963 0.19245008972987523
0.962962962962963 0.19245008972987523
0.9567901234567902 0.20314176138153497
0.9567901234567902 0.20314176138153497
0.962962962962963 0.21383343303319471
0.962962962962963 0.21383343303319471
0.9506172839506173 0.2138334330331947
0.9506172839506173 0.2138334330331947
0.9444444444444444 0.22452510468485443
0.9444444444444444 0.22452510468485443
0.9382716049382716 0.2138334330331947
0.9382716049382716 0.2138334330331947
0.9259259259259258 0.2138334330331947
0.9259259259259258 0.2138334330331947
0.9320987654320988 0.20314176138153497
0.9320987654320988 0.20314176138153497
0.9259259259259259 0.19245008972987523
0.9259259259259259 0.19245008972987523
0.9135802469135803 0.19245008972987523
0.9135802469135803 0.19245008972987523
0.9074074074074074 0.20314176138153495
0.9074074074074074 0.20314176138153495
0.9012345679012346 0.19245008972987523
0.9012345679012346 0.19245008972987523
0.888888888888889 0.19245008972987523
0.888888888888889 0.19245008972987523
0.8827160493827161 0.20314176138153497
0.8827160493827161 0.20314176138153497
0.8888888888888891 0.2138334330331947
0.8888888888888891 0.2138334330331947
0.8765432098765433 0.2138334330331947
0.8765432098765433 0.2138334330331947
0.8703703703703705 0.22452510468485443
0.8703703703703705 0.22452510468485443
0.8765432098765433 0.23521677633651417
0.8765432098765433 0.23521677633651417
0.8888888888888891 0.23521677633651417
0.8888888888888891 0.23521677633651417
0.8827160493827161 0.2459084479881739
0.8827160493827161 0.2459084479881739
0.888888888888889 0.25660011963983365
0.888888888888889 0.25660011963983365
0.8765432098765432 0.25660011963983365
0.8765432098765432 0.25660011963983365
0.8703703703703705 0.2672917912914934
0.8703703703703705 0.2672917912914934
0.8641975308641976 0.25660011963983365
0.8641975308641976 0.25660011963983365
0.8518518518518519 0.25660011963983365
0.8518518518518519 0.25660011963983365
0.845679012345679 0.2672917912914934
0.845679012345679 0.2672917912914934
0.8518518518518519 0.2779834629431531
0.8518518518518519 0.2779834629431531
0.8395061728395062 0.2779834629431531
0.8395061728395062 0.2779834629431531
0.8333333333333334 0.28867513459481287
0.8333333333333334 0.28867513459481287
0.8395061728395062 0.2993668062464726
0.8395061728395062 0.2993668062464726
0.8518518518518519 0.2993668062464726
0.8518518518518519 0.2993668062464726
0.845679012345679 0.31005847789813235
0.845679012345679 0.31005847789813235
0.8518518518518519 0.3207501495497921
0.8518518518518519 0.3207501495497921
0.8641975308641976 0.3207501495497921
0.8641975308641976 0.3207501495497921
0.8703703703703705 0.31005847789813235
0.8703703703703705 0.31005847789813235
0.8765432098765432 0.32075014954979203
0.8765432098765432 0.32075014954979203
0.888888888888889 0.32075014954979203
0.888888888888889 0.32075014954979203
0.8827160493827161 0.33144182120145177
0.8827160493827161 0.33144182120145177
0.8888888888888891 0.3421334928531115
0.8888888888888891 0.3421334928531115
0.8765432098765433 0.3421334928531115
0.8765432098765433 0.3421334928531115
0.8703703703703705 0.35282516450477125
0.8703703703703705 0.35282516450477125
0.8765432098765433 0.363516836156431
0.8765432098765433 0.363516836156431
0.8888888888888891 0.363516836156431
0.8888888888888891 0.363516836156431
0.8827160493827161 0.37420850780809073
0.8827160493827161 0.37420850780809073
0.888888888888889 0.38490017945975047
0.888888888888889 0.38490017945975047
0.9012345679012346 0.38490017945975047
0.9012345679012346 0.38490017945975047
0.9074074074074074 0.37420850780809073
0.9074074074074074 0.37420850780809073
0.9135802469135803 0.38490017945975047
0.9135802469135803 0.38490017945975047
0.9259259259259259 0.38490017945975047
0.9259259259259259 0.38490017945975047
0.9320987654320988 0.37420850780809073
0.9320987654320988 0.37420850780809073
0.9259259259259258 0.363516836156431
0.9259259259259258 0.363516836156431
0.9382716049382716 0.36351683615643104
0.9382716049382716 0.36351683615643104
0.9444444444444444 0.3528251645047713
0.9444444444444444 0.3528251645047713
0.9506172839506173 0.36351683615643104
0.9506172839506173 0.36351683615643104
0.962962962962963 0.363516836156431
0.962962962962963 0.363516836156431
0.9567901234567902 0.37420850780809073
0.9567901234567902 0.37420850780809073
0.962962962962963 0.38490017945975047
0.962962962962963 0.38490017945975047
0.9753086419753086 0.38490017945975047
0.9753086419753086 0.38490017945975047
0.9814814814814815 0.37420850780809073
0.9814814814814815 0.37420850780809073
0.9876543209876544 0.38490017945975047
0.9876543209876544 0.38490017945975047
1.0 0.38490017945975047
1.0 0.38490017945975047
0.9938271604938271 0.3955918511114102
0.9938271604938271 0.3955918511114102
1.0 0.40628352276306995
1.0 0.40628352276306995
0.9876543209876544 0.40628352276306995
0.9876543209876544 0.40628352276306995
0.9814814814814815 0.4169751944147297
0.9814814814814815 0.4169751944147297
0.9876543209876544 0.42766686606638943
0.9876543209876544 0.42766686606638943
1.0 0.42766686606638943
1.0 0.42766686606638943
0.9938271604938271 0.43835853771804917
0.9938271604938271 0.43835853771804917
1.0 0.4490502093697089
1.0 0.4490502093697089
0.9876543209876543 0.4490502093697089
0.9876543209876543 0.4490502093697089
0.9814814814814814 0.4597418810213686
0.9814814814814814 0.4597418810213686
0.9753086419753086 0.44905020936970885
0.9753086419753086 0.44905020936970885
0.9629629629629629 0.44905020936970885
0.9629629629629629 0.44905020936970885
0.95679012345679 0.4597418810213686
0.95679012345679 0.4597418810213686
0.962962962962963 0.47043355267302833
0.962962962962963 0.47043355267302833
0.9506172839506173 0.47043355267302833
0.9506172839506173 0.47043355267302833
0.9444444444444444 0.48112522432468807
0.9444444444444444 0.48112522432468807
0.9506172839506173 0.4918168959763478
0.9506172839506173 0.4918168959763478
0.962962962962963 0.4918168959763478
0.962962962962963 0.4918168959763478
0.95679012345679 0.5025085676280076
0.95679012345679 0.5025085676280076
0.9629629629629629 0.5132002392796673
0.9629629629629629 0.5132002392796673
0.9753086419753086 0.5132002392796673
0.9753086419753086 0.5132002392796673
0.9814814814814814 0.5025085676280076
0.9814814814814814 0.5025085676280076
0.9876543209876543 0.5132002392796673
0.9876543209876543 0.5132002392796673
1.0 0.5132002392796673
1.0 0.5132002392796673
0.9938271604938271 0.523891910931327
0.9938271604938271 0.523891910931327
1.0 0.5345835825829868
1.0 0.5345835825829868
0.9876543209876544 0.5345835825829868
0.9876543209876544 0.5345835825829868
0.9814814814814815 0.5452752542346465
0.9814814814814815 0.5452752542346465
0.9876543209876544 0.5559669258863063
0.9876543209876544 0.5559669258863063
1.0 0.5559669258863063
1.0 0.5559669258863063
0.9938271604938271 0.566658597537966
0.9938271604938271 0.566658597537966
1.0 0.5773502691896257
1.0 0.5773502691896257
0.9876543209876544 0.5773502691896257
0.9876543209876544 0.5773502691896257
0.9814814814814815 0.5880419408412855
0.9814814814814815 0.5880419408412855
0.9753086419753086 0.5773502691896257
0.9753086419753086 0.5773502691896257
0.962962962962963 0.5773502691896257
0.962962962962963 0.5773502691896257
0.9567901234567902 0.5880419408412855
0.9567901234567902 0.5880419408412855
0.962962962962963 0.5987336124929453
0.962962962962963 0.5987336124929453
0.9506172839506173 0.5987336124929452
0.9506172839506173 0.5987336124929452
0.9444444444444444 0.609425284144605
0.9444444444444444 0.609425284144605
0.9382716049382716 0.5987336124929452
0.9382716049382716 0.5987336124929452
0.9259259259259258 0.5987336124929452
0.9259259259259258 0.5987336124929452
0.9320987654320988 0.5880419408412855
0.9320987654320988 0.5880419408412855
0.9259259259259259 0.5773502691896257
0.9259259259259259 0.5773502691896257
0.9135802469135803 0.5773502691896257
0.9135802469135803 0.5773502691896257
0.9074074074074074 0.5880419408412855
0.9074074074074074 0.5880419408412855
0.9012345679012346 0.5773502691896257
0.9012345679012346 0.5773502691896257
0.888888888888889 0.5773502691896257
0.888888888888889 0.5773502691896257
0.8827160493827161 0.5880419408412855
0.8827160493827161 0.5880419408412855
0.8888888888888891 0.5987336124929452
0.8888888888888891 0.5987336124929452
0.8765432098765433 0.5987336124929452
0.8765432098765433 0.5987336124929452
0.8703703703703705 0.609425284144605
0.8703703703703705 0.609425284144605
0.8765432098765433 0.6201169557962647
0.8765432098765433 0.6201169557962647
0.8888888888888891 0.6201169557962647
0.8888888888888891 0.6201169557962647
0.8827160493827161 0.6308086274479244
0.8827160493827161 0.6308086274479244
0.888888888888889 0.6415002990995842
0.888888888888889 0.6415002990995842
0.8765432098765432 0.6415002990995842
0.8765432098765432 0.6415002990995842
0.8703703703703705 0.6521919707512439
0.8703703703703705 0.6521919707512439
0.8641975308641976 0.6415002990995841
0.8641975308641976 0.6415002990995841
0.8518518518518519 0.6415002990995841
0.8518518518518519 0.6415002990995841
0.845679012345679 0.6521919707512438
0.845679012345679 0.6521919707512438
0.8518518518518519 0.6628836424029034
0.8518518518518519 0.6628836424029034
0.8395061728395062 0.6628836424029035
0.8395061728395062 0.6628836424029035
0.8333333333333334 0.6735753140545633
0.8333333333333334 0.6735753140545633
0.8271604938271605 0.6628836424029035
0.8271604938271605 0.6628836424029035
0.8148148148148149 0.6628836424029034
0.8148148148148149 0.6628836424029034
0.8209876543209877 0.6521919707512438
0.8209876543209877 0.6521919707512438
0.8148148148148149 0.6415002990995841
0.8148148148148149 0.6415002990995841
0.8024691358024691 0.6415002990995841
0.8024691358024691 0.6415002990995841
0.7962962962962963 0.6521919707512438
0.7962962962962963 0.6521919707512438
0.7901234567901235 0.6415002990995841
0.7901234567901235 0.6415002990995841
0.7777777777777778 0.6415002990995841
0.7777777777777778 0.6415002990995841
0.7839506172839507 0.6308086274479243
0.7839506172839507 0.6308086274479243
0.7777777777777779 0.6201169557962646
0.7777777777777779 0.6201169557962646
0.7901234567901235 0.6201169557962647
0.7901234567901235 0.6201169557962647
0.7962962962962964 0.609425284144605
0.7962962962962964 0.609425284144605
0.7901234567901235 0.5987336124929452
0.7901234567901235 0.5987336124929452
0.7777777777777779 0.5987336124929452
0.7777777777777779 0.5987336124929452
0.7839506172839508 0.5880419408412855
0.7839506172839508 0.5880419408412855
0.7777777777777779 0.5773502691896257
0.7777777777777779 0.5773502691896257
0.7654320987654322 0.5773502691896257
0.7654320987654322 0.5773502691896257
0.7592592592592593 0.5880419408412855
0.7592592592592593 0.5880419408412855
0.7530864197530865 0.5773502691896257
0.7530864197530865 0.5773502691896257
0.7407407407407408 0.5773502691896257
0.7407407407407408 0.5773502691896257
0.7345679012345679 0.5880419408412855
0.7345679012345679 0.5880419408412855
0.7407407407407409 0.5987336124929452
0.7407407407407409 0.5987336124929452
0.7283950617283952 0.5987336124929452
0.7283950617283952 0.5987336124929452
0.7222222222222223 0.609425284144605
0.7222222222222223 0.609425284144605
0.7160493827160495 0.5987336124929452
0.7160493827160495 0.5987336124929452
0.7037037037037037 0.5987336124929452
0.7037037037037037 0.5987336124929452
0.7098765432098767 0.5880419408412855
0.7098765432098767 0.5880419408412855
0.7037037037037038 0.5773502691896257
0.7037037037037038 0.5773502691896257
0.6913580246913581 0.5773502691896257
0.6913580246913581 0.5773502691896257
0.6851851851851853 0.5880419408412855
0.6851851851851853 0.5880419408412855
0.6790123456790125 0.5773502691896257
0.6790123456790125 0.5773502691896257
0.6666666666666667 0.5773502691896257
0.6666666666666667 0.5773502691896257
0.6604938271604939 0.5880419408412855
0.6604938271604939 0.5880419408412855
0.6666666666666667 0.5987336124929452
0.6666666666666667 0.5987336124929452
0.6543209876543211 0.5987336124929452
0.6543209876543211 0.5987336124929452
0.6481481481481483 0.609425284144605
0.6481481481481483 0.609425284144605
0.6543209876543211 0.6201169557962647
0.6543209876543211 0.6201169557962647
0.6666666666666667 0.6201169557962647
0.6666666666666667 0.6201169557962647
0.6604938271604939 0.6308086274479244
0.6604938271604939 0.6308086274479244
0.6666666666666667 0.6415002990995842
0.6666666666666667 0.6415002990995842
0.654320987654321 0.6415002990995842
0.654320987654321 0.6415002990995842
0.6481481481481481 0.6521919707512439
0.6481481481481481 0.6521919707512439
0.6419753086419754 0.6415002990995842
0.6419753086419754 0.6415002990995842
0.6296296296296297 0.6415002990995842
0.6296296296296297 0.6415002990995842
0.6234567901234568 0.6521919707512439
0.6234567901234568 0.6521919707512439
0.6296296296296298 0.6628836424029037
0.6296296296296298 0.6628836424029037
0.617283950617284 0.6628836424029037
0.617283950617284 0.6628836424029037
0.6111111111111112 0.6735753140545634
0.6111111111111112 0.6735753140545634
0.617283950617284 0.6842669857062231
0.617283950617284 0.6842669857062231
0.6296296296296298 0.6842669857062231
0.6296296296296298 0.6842669857062231
0.6234567901234568 0.6949586573578829
0.6234567901234568 0.6949586573578829
0.6296296296296297 0.7056503290095426
0.6296296296296297 0.7056503290095426
0.6419753086419754 0.7056503290095426
0.6419753086419754 0.7056503290095426
0.6481481481481481 0.6949586573578829
0.6481481481481481 0.6949586573578829
0.654320987654321 0.7056503290095426
0.654320987654321 0.7056503290095426
0.6666666666666667 0.7056503290095426
0.6666666666666667 0.7056503290095426
0.6604938271604939 0.7163420006612023
0.6604938271604939 0.7163420006612023
0.6666666666666667 0.7270336723128621
0.6666666666666667 0.7270336723128621
0.6543209876543211 0.7270336723128621
0.6543209876543211 0.7270336723128621
0.6481481481481483 0.7377253439645218
0.6481481481481483 0.7377253439645218
0.6543209876543211 0.7484170156161816
0.6543209876543211 0.7484170156161816
0.6666666666666667 0.7484170156161816
0.6666666666666667 0.7484170156161816
0.6604938271604939 0.7591086872678413
0.6604938271604939 0.7591086872678413
0.6666666666666667 0.769800358919501
0.6666666666666667 0.769800358919501
0.654320987654321 0.769800358919501
0.654320987654321 0.769800358919501
0.6481481481481481 0.7804920305711608
0.6481481481481481 0.7804920305711608
0.6419753086419754 0.769800358919501
0.6419753086419754 0.769800358919501
0.6296296296296297 0.769800358919501
0.6296296296296297 0.769800358919501
0.6234567901234568 0.7804920305711608
0.6234567901234568 0.7804920305711608
0.6296296296296298 0.7911837022228205
0.6296296296296298 0.7911837022228205
0.617283950617284 0.7911837022228205
0.617283950617284 0.7911837022228205
0.6111111111111112 0.8018753738744803
0.6111111111111112 0.8018753738744803
0.6049382716049383 0.7911837022228205
0.6049382716049383 0.7911837022228205
0.5925925925925926 0.7911837022228204
0.5925925925925926 0.7911837022228204
0.5987654320987655 0.7804920305711607
0.5987654320987655 0.7804920305711607
0.5925925925925927 0.7698003589195009
0.5925925925925927 0.7698003589195009
0.5802469135802469 0.7698003589195009
0.5802469135802469 0.7698003589195009
0.5740740740740742 0.7804920305711607
0.5740740740740742 0.7804920305711607
0.5679012345679013 0.7698003589195009
0.5679012345679013 0.7698003589195009
0.5555555555555556 0.7698003589195009
0.5555555555555556 0.7698003589195009
0.5493827160493827 0.7804920305711607
0.5493827160493827 0.7804920305711607
0.5555555555555556 0.7911837022228203
0.5555555555555556 0.7911837022228203
0.54320987654321 0.7911837022228204
0.54320987654321 0.7911837022228204
0.5370370370370371 0.8018753738744802
0.5370370370370371 0.8018753738744802
0.54320987654321 0.8125670455261399
0.54320987654321 0.8125670455261399
0.5555555555555556 0.81256704552614
0.5555555555555556 0.81256704552614
0.5493827160493827 0.8232587171777997
0.5493827160493827 0.8232587171777997
0.5555555555555556 0.8339503888294595
0.5555555555555556 0.8339503888294595
0.5432098765432098 0.8339503888294595
0.5432098765432098 0.8339503888294595
0.537037037037037 0.8446420604811192
0.537037037037037 0.8446420604811192
0.5308641975308642 0.8339503888294594
0.5308641975308642 0.8339503888294594
0.5185185185185185 0.8339503888294594
0.5185185185185185 0.8339503888294594
0.5123456790123456 0.8446420604811191
0.5123456790123456 0.8446420604811191
0.5185185185185186 0.8553337321327787
0.5185185185185186 0.8553337321327787
0.5061728395061729 0.8553337321327789
0.5061728395061729 0.8553337321327789
0.5 0.8660254037844386
0.5 0.8660254037844386
0.4938271604938272 0.8553337321327789
0.4938271604938272 0.8553337321327789
0.4814814814814815 0.8553337321327787
0.4814814814814815 0.8553337321327787
0.4876543209876543 0.8446420604811191
0.4876543209876543 0.8446420604811191
0.4814814814814815 0.8339503888294594
0.4814814814814815 0.8339503888294594
0.46913580246913583 0.8339503888294594
0.46913580246913583 0.8339503888294594
0.46296296296296297 0.8446420604811191
0.46296296296296297 0.8446420604811191
0.4567901234567901 0.8339503888294594
0.4567901234567901 0.8339503888294594
0.4444444444444444 0.8339503888294594
0.4444444444444444 0.8339503888294594
0.4506172839506173 0.8232587171777996
0.4506172839506173 0.8232587171777996
0.4444444444444445 0.8125670455261399
0.4444444444444445 0.8125670455261399
0.4567901234567901 0.8125670455261399
0.4567901234567901 0.8125670455261399
0.46296296296296297 0.8018753738744802
0.46296296296296297 0.8018753738744802
0.45679012345679015 0.7911837022228204
0.45679012345679015 0.7911837022228204
0.4444444444444445 0.7911837022228203
0.4444444444444445 0.7911837022228203
0.4506172839506173 0.7804920305711607
0.4506172839506173 0.7804920305711607
0.4444444444444445 0.7698003589195009
0.4444444444444445 0.7698003589195009
0.4320987654320988 0.7698003589195009
0.4320987654320988 0.7698003589195009
0.42592592592592593 0.7804920305711607
0.42592592592592593 0.7804920305711607
0.4197530864197531 0.7698003589195009
0.4197530864197531 0.7698003589195009
0.40740740740740744 0.7698003589195009
0.40740740740740744 0.7698003589195009
0.40123456790123463 0.7804920305711607
0.40123456790123463 0.7804920305711607
0.40740740740740744 0.7911837022228203
0.40740740740740744 0.7911837022228203
0.39506172839506176 0.7911837022228204
0.39506172839506176 0.7911837022228204
0.38888888888888895 0.8018753738744802
0.38888888888888895 0.8018753738744802
0.3827160493827161 0.7911837022228204
0.3827160493827161 0.7911837022228204
0.3703703703703704 0.7911837022228204
0.3703703703703704 0.7911837022228204
0.37654320987654327 0.7804920305711607
0.37654320987654327 0.7804920305711607
0.3703703703703704 0.7698003589195009
0.3703703703703704 0.7698003589195009
0.3580246913580247 0.7698003589195009
0.3580246913580247 0.7698003589195009
0.35185185185185186 0.7804920305711607
0.35185185185185186 0.7804920305711607
0.34567901234567905 0.7698003589195009
0.34567901234567905 0.7698003589195009
0.33333333333333337 0.7698003589195009
0.33333333333333337 0.7698003589195009
0.33950617283950624 0.7591086872678412
0.33950617283950624 0.7591086872678412
0.3333333333333334 0.7484170156161815
0.3333333333333334 0.7484170156161815
0.34567901234567905 0.7484170156161815
0.34567901234567905 0.7484170156161815
0.3518518518518519 0.7377253439645217
0.3518518518518519 0.7377253439645217
0.3456790123456791 0.727033672312862
0.3456790123456791 0.727033672312862
0.3333333333333334 0.727033672312862
0.3333333333333334 0.727033672312862
0.33950617283950624 0.7163420006612023
0.33950617283950624 0.7163420006612023
0.3333333333333334 0.7056503290095426
0.3333333333333334 0.7056503290095426
0.3456790123456791 0.7056503290095426
0.3456790123456791 0.7056503290095426
0.3518518518518519 0.6949586573578829
0.3518518518518519 0.6949586573578829
0.3580246913580247 0.7056503290095426
0.3580246913580247 0.7056503290095426
0.3703703703703704 0.7056503290095426
0.3703703703703704 0.7056503290095426
0.37654320987654327 0.6949586573578829
0.37654320987654327 0.6949586573578829
0.3703703703703704 0.684266985706223
0.3703703703703704 0.684266985706223
0.3827160493827161 0.6842669857062231
0.3827160493827161 0.6842669857062231
0.38888888888888895 0.6735753140545634
0.38888888888888895 0.6735753140545634
0.3827160493827161 0.6628836424029037
0.3827160493827161 0.6628836424029037
0.3703703703703704 0.6628836424029038
0.3703703703703704 0.6628836424029038
0.37654320987654327 0.6521919707512439
0.37654320987654327 0.6521919707512439
0.3703703703703704 0.6415002990995842
0.3703703703703704 0.6415002990995842
0.3580246913580247 0.6415002990995842
0.3580246913580247 0.6415002990995842
0.35185185185185186 0.6521919707512439
0.35185185185185186 0.6521919707512439
0.34567901234567905 0.6415002990995842
0.34567901234567905 0.6415002990995842
0.33333333333333337 0.6415002990995842
0.33333333333333337 0.6415002990995842
0.33950617283950624 0.6308086274479244
0.33950617283950624 0.6308086274479244
0.3333333333333334 0.6201169557962646
0.3333333333333334 0.6201169557962646
0.34567901234567905 0.6201169557962647
0.34567901234567905 0.6201169557962647
0.3518518518518519 0.609425284144605
0.3518518518518519 0.609425284144605
0.34567901234567905 0.5987336124929452
0.34567901234567905 0.5987336124929452
0.3333333333333334 0.5987336124929453
0.3333333333333334 0.5987336124929453
0.33950617283950624 0.5880419408412855
0.33950617283950624 0.5880419408412855
0.33333333333333337 0.5773502691896257
0.33333333333333337 0.5773502691896257
0.3209876543209877 0.5773502691896257
0.3209876543209877 0.5773502691896257
0.3148148148148149 0.5880419408412855
0.3148148148148149 0.5880419408412855
0.308641975308642 0.5773502691896257
0.308641975308642 0.5773502691896257
0.29629629629629634 0.5773502691896257
0.29629629629629634 0.5773502691896257
0.29012345679012347 0.5880419408412855
0.29012345679012347 0.5880419408412855
0.29629629629629634 0.5987336124929453
0.29629629629629634 0.5987336124929453
0.28395061728395066 0.5987336124929452
0.28395061728395066 0.5987336124929452
0.2777777777777778 0.609425284144605
0.2777777777777778 0.609425284144605
0.271604938271605 0.5987336124929452
0.271604938271605 0.5987336124929452
0.2592592592592593 0.5987336124929452
0.2592592592592593 0.5987336124929452
0.2654320987654321 0.5880419408412855
0.2654320987654321 0.5880419408412855
0.2592592592592593 0.5773502691896257
0.2592592592592593 0.5773502691896257
0.24691358024691362 0.5773502691896257
0.24691358024691362 0.5773502691896257
0.24074074074074078 0.5880419408412855
0.24074074074074078 0.5880419408412855
0.23456790123456794 0.5773502691896257
0.23456790123456794 0.5773502691896257
0.22222222222222227 0.5773502691896257
0.22222222222222227 0.5773502691896257
0.21604938271604943 0.5880419408412855
0.21604938271604943 0.5880419408412855
0.2222222222222223 0.5987336124929452
0.2222222222222223 0.5987336124929452
0.2098765432098766 0.5987336124929452
0.2098765432098766 0.5987336124929452
0.20370370370370375 0.609425284144605
0.20370370370370375 0.609425284144605
0.2098765432098766 0.6201169557962647
0.2098765432098766 0.6201169557962647
0.2222222222222223 0.6201169557962647
0.2222222222222223 0.6201169557962647
0.21604938271604943 0.6308086274479244
0.21604938271604943 0.6308086274479244
0.22222222222222227 0.6415002990995842
0.22222222222222227 0.6415002990995842
0.2098765432098766 0.6415002990995842
0.2098765432098766 0.6415002990995842
0.20370370370370375 0.6521919707512439
0.20370370370370375 0.6521919707512439
0.1975308641975309 0.6415002990995842
0.1975308641975309 0.6415002990995842
0.18518518518518523 0.6415002990995842
0.18518518518518523 0.6415002990995842
0.1790123456790124 0.6521919707512439
0.1790123456790124 0.6521919707512439
0.18518518518518523 0.6628836424029038
0.18518518518518523 0.6628836424029038
0.17283950617283952 0.6628836424029037
0.17283950617283952 0.6628836424029037
0.16666666666666669 0.6735753140545634
0.16666666666666669 0.6735753140545634
0.16049382716049385 0.6628836424029037
0.16049382716049385 0.6628836424029037
0.14814814814814817 0.6628836424029037
0.14814814814814817 0.6628836424029037
0.154320987654321 0.6521919707512439
0.154320987654321 0.6521919707512439
0.14814814814814817 0.6415002990995842
0.14814814814814817 0.6415002990995842
0.1358024691358025 0.6415002990995842
0.1358024691358025 0.6415002990995842
0.12962962962962962 0.6521919707512439
0.12962962962962962 0.6521919707512439
0.1234567901234568 0.6415002990995841
0.1234567901234568 0.6415002990995841
0.1111111111111111 0.6415002990995841
0.1111111111111111 0.6415002990995841
0.11728395061728396 0.6308086274479243
0.11728395061728396 0.6308086274479243
0.11111111111111115 0.6201169557962646
0.11111111111111115 0.6201169557962646
0.1234567901234568 0.6201169557962647
0.1234567901234568 0.6201169557962647
0.12962962962962965 0.609425284144605
0.12962962962962965 0.609425284144605
0.12345679012345681 0.5987336124929452
0.12345679012345681 0.5987336124929452
0.11111111111111113 0.5987336124929452
0.11111111111111113 0.5987336124929452
0.11728395061728397 0.5880419408412855
0.11728395061728397 0.5880419408412855
0.11111111111111113 0.5773502691896257
0.11111111111111113 0.5773502691896257
0.09876543209876545 0.5773502691896257
0.09876543209876545 0.5773502691896257
0.09259259259259262 0.5880419408412855
0.09259259259259262 0.5880419408412855
0.08641975308641978 0.5773502691896257
0.08641975308641978 0.5773502691896257
0.0740740740740741 0.5773502691896257
0.0740740740740741 0.5773502691896257
0.06790123456790126 0.5880419408412855
0.06790123456790126 0.5880419408412855
0.07407407407407408 0.5987336124929453
0.07407407407407408 0.5987336124929453
0.06172839506172841 0.5987336124929452
0.06172839506172841 0.5987336124929452
0.055555555555555566 0.609425284144605
0.055555555555555566 0.609425284144605
0.04938271604938273 0.5987336124929452
0.04938271604938273 0.5987336124929452
0.03703703703703704 0.5987336124929452
0.03703703703703704 0.5987336124929452
0.04320987654320989 0.5880419408412855
0.04320987654320989 0.5880419408412855
0.03703703703703705 0.5773502691896257
0.03703703703703705 0.5773502691896257
0.024691358024691367 0.5773502691896257
0.024691358024691367 0.5773502691896257
0.018518518518518524 0.5880419408412855
0.018518518518518524 0.5880419408412855
0.012345679012345685 0.5773502691896257
0.012345679012345685 0.5773502691896257
0.0 0.5773502691896257
0.0 0.5773502691896257
0.006172839506172839 0.566658597537966
0.006172839506172839 0.566658597537966
-5.204170427930421e-18 0.5559669258863063
-5.204170427930421e-18 0.5559669258863063
0.012345679012345678 0.5559669258863063
0.012345679012345678 0.5559669258863063
0.018518518518518517 0.5452752542346465
0.018518518518518517 0.5452752542346465
0.012345679012345682 0.5345835825829868
0.012345679012345682 0.5345835825829868
3.2959746043559335e-17 0.5345835825829868
3.2959746043559335e-17 0.5345835825829868
0.006172839506172846 0.5238919109313271
0.006172839506172846 0.5238919109313271
1.0408340855860843e-17 0.5132002392796674
1.0408340855860843e-17 0.5132002392796674
0.012345679012345684 0.5132002392796674
0.012345679012345684 0.5132002392796674
0.018518518518518493 0.5025085676280076
0.018518518518518493 0.5025085676280076
0.024691358024691357 0.5132002392796673
0.024691358024691357 0.5132002392796673
0.037037037037037035 0.5132002392796673
0.037037037037037035 0.5132002392796673
0.043209876543209874 0.5025085676280076
0.043209876543209874 0.5025085676280076
0.03703703703703705 0.49181689597634787
0.03703703703703705 0.49181689597634787
0.04938271604938271 0.49181689597634787
0.04938271604938271 0.49181689597634787
0.05555555555555556 0.4811252243246881
0.05555555555555556 0.4811252243246881
0.04938271604938272 0.4704335526730284
0.04938271604938272 0.4704335526730284
0.03703703703703705 0.4704335526730284
0.03703703703703705 0.4704335526730284
0.04320987654320989 0.45974188102136865
0.04320987654320989 0.45974188102136865
0.03703703703703705 0.4490502093697089
0.03703703703703705 0.4490502093697089
0.024691358024691367 0.4490502093697089
0.024691358024691367 0.4490502093697089
0.018518518518518524 0.45974188102136865
0.018518518518518524 0.45974188102136865
0.012345679012345685 0.4490502093697089
0.012345679012345685 0.4490502093697089
0.0 0.4490502093697089
0.0 0.4490502093697089
0.0061728395061728435 0.43835853771804917
0.0061728395061728435 0.43835853771804917
1.734723475976807e-18 0.42766686606638943
1.734723475976807e-18 0.42766686606638943
0.012345679012345687 0.42766686606638943
0.012345679012345687 0.42766686606638943
0.01851851851851853 0.4169751944147297
0.01851851851851853 0.4169751944147297
0.012345679012345692 0.40628352276306995
0.012345679012345692 0.40628352276306995
8.673617379884035e-18 0.40628352276306995
8.673617379884035e-18 0.40628352276306995
0.006172839506172853 0.3955918511114102
0.006172839506172853 0.3955918511114102
1.3877787807814457e-17 0.38490017945975047
1.3877787807814457e-17 0.38490017945975047
0.012345679012345692 0.38490017945975047
0.012345679012345692 0.38490017945975047
0.01851851851851853 0.37420850780809073
0.01851851851851853 0.37420850780809073
0.02469135802469137 0.38490017945975047
0.02469135802469137 0.38490017945975047
0.03703703703703705 0.38490017945975047
0.03703703703703705 0.38490017945975047
0.043209876543209895 0.37420850780809073
0.043209876543209895 0.37420850780809073
0.03703703703703707 0.363516836156431
0.03703703703703707 0.363516836156431
0.049382716049382734 0.36351683615643104
0.049382716049382734 0.36351683615643104
0.05555555555555558 0.3528251645047713
0.05555555555555558 0.3528251645047713
0.06172839506172841 0.36351683615643104
0.06172839506172841 0.36351683615643104
0.07407407407407408 0.36351683615643104
0.07407407407407408 0.36351683615643104
0.06790123456790124 0.3742085078080908
0.06790123456790124 0.3742085078080908
0.07407407407407408 0.3849001794597505
0.07407407407407408 0.3849001794597505
0.08641975308641976 0.3849001794597505
0.08641975308641976 0.3849001794597505
0.0925925925925926 0.3742085078080908
0.0925925925925926 0.3742085078080908
0.09876543209876544 0.3849001794597505
0.09876543209876544 0.3849001794597505
0.11111111111111112 0.3849001794597505
0.11111111111111112 0.3849001794597505
0.11728395061728396 0.3742085078080908
0.11728395061728396 0.3742085078080908
0.11111111111111112 0.36351683615643104
0.11111111111111112 0.36351683615643104
0.12345679012345681 0.36351683615643104
0.12345679012345681 0.36351683615643104
0.12962962962962965 0.3528251645047713
0.12962962962962965 0.3528251645047713
0.1234567901234568 0.34213349285311156
0.1234567901234568 0.34213349285311156
0.11111111111111112 0.34213349285311156
0.11111111111111112 0.34213349285311156
0.11728395061728396 0.3314418212014518
0.11728395061728396 0.3314418212014518
0.1111111111111111 0.3207501495497921
0.1111111111111111 0.3207501495497921
0.1234567901234568 0.3207501495497921
0.1234567901234568 0.3207501495497921
0.12962962962962965 0.31005847789813235
0.12962962962962965 0.31005847789813235
0.1358024691358025 0.3207501495497921
0.1358024691358025 0.3207501495497921
0.14814814814814817 0.3207501495497921
0.14814814814814817 0.3207501495497921
0.154320987654321 0.31005847789813235
0.154320987654321 0.31005847789813235
0.14814814814814817 0.2993668062464726
0.14814814814814817 0.2993668062464726
0.16049382716049385 0.2993668062464726
0.16049382716049385 0.2993668062464726
0.16666666666666669 0.28867513459481287
0.16666666666666669 0.28867513459481287
0.16049382716049385 0.2779834629431531
0.16049382716049385 0.2779834629431531
0.14814814814814817 0.2779834629431531
0.14814814814814817 0.2779834629431531
0.154320987654321 0.2672917912914934
0.154320987654321 0.2672917912914934
0.14814814814814817 0.25660011963983365
0.14814814814814817 0.25660011963983365
0.1358024691358025 0.25660011963983365
0.1358024691358025 0.25660011963983365
0.12962962962962965 0.2672917912914934
0.12962962962962965 0.2672917912914934
0.12345679012345681 0.25660011963983365
0.12345679012345681 0.25660011963983365
0.11111111111111113 0.25660011963983365
0.11111111111111113 0.25660011963983365
0.11728395061728397 0.24590844798817393
0.11728395061728397 0.24590844798817393
0.11111111111111115 0.2352167763365142
0.11111111111111115 0.2352167763365142
0.12345679012345681 0.2352167763365142
0.12345679012345681 0.2352167763365142
0.12962962962962965 0.22452510468485448
0.12962962962962965 0.22452510468485448
0.12345679012345681 0.21383343303319474
0.12345679012345681 0.21383343303319474
0.11111111111111113 0.21383343303319474
0.11111111111111113 0.21383343303319474
0.11728395061728397 0.203141761381535
0.11728395061728397 0.203141761381535
0.11111111111111113 0.19245008972987526
0.11111111111111113 0.19245008972987526
0.09876543209876545 0.19245008972987526
0.09876543209876545 0.19245008972987526
0.09259259259259262 0.203141761381535
0.09259259259259262 0.203141761381535
0.08641975308641978 0.19245008972987526
0.08641975308641978 0.19245008972987526
0.0740740740740741 0.19245008972987526
0.0740740740740741 0.19245008972987526
0.06790123456790126 0.203141761381535
0.06790123456790126 0.203141761381535
0.0740740740740741 0.21383343303319474
0.0740740740740741 0.21383343303319474
0.06172839506172842 0.21383343303319474
0.06172839506172842 0.21383343303319474
0.05555555555555557 0.22452510468485448
0.05555555555555557 0.22452510468485448
0.049382716049382734 0.21383343303319474
0.049382716049382734 0.21383343303319474
0.03703703703703706 0.21383343303319474
0.03703703703703706 0.21383343303319474
0.0432098765432099 0.203141761381535
0.0432098765432099 0.203141761381535
0.03703703703703706 0.19245008972987526
0.03703703703703706 0.19245008972987526
0.02469135802469138 0.19245008972987526
0.02469135802469138 0.19245008972987526
0.01851851851851854 0.203141761381535
0.01851851851851854 0.203141761381535
0.0123456790123457 0.19245008972987526
0.0123456790123457 0.19245008972987526
1.3877787807814457e-17 0.19245008972987526
1.3877787807814457e-17 0.19245008972987526
0.006172839506172853 0.18175841807821552
0.006172839506172853 0.18175841807821552
8.673617379884035e-18 0.17106674642655578
8.673617379884035e-18 0.17106674642655578
0.012345679012345692 0.17106674642655578
0.012345679012345692 0.17106674642655578
0.01851851851851853 0.16037507477489604
0.01851851851851853 0.16037507477489604
0.01234567901234569 0.1496834031232363
0.01234567901234569 0.1496834031232363
5.204170427930421e-18 0.1496834031232363
5.204170427930421e-18 0.1496834031232363
0.00617283950617285 0.13899173147157656
0.00617283950617285 0.13899173147157656
6.938893903907228e-18 0.12830005981991682
6.938893903907228e-18 0.12830005981991682
0.012345679012345687 0.12830005981991682
0.012345679012345687 0.12830005981991682
0.018518518518518535 0.11760838816825708
0.018518518518518535 0.11760838816825708
0.024691358024691367 0.12830005981991685
0.024691358024691367 0.12830005981991685
0.03703703703703705 0.12830005981991685
0.03703703703703705 0.12830005981991685
0.04320987654320989 0.11760838816825711
0.04320987654320989 0.11760838816825711
0.03703703703703704 0.10691671651659737
0.03703703703703704 0.10691671651659737
0.04938271604938273 0.10691671651659737
0.04938271604938273 0.10691671651659737
0.055555555555555566 0.09622504486493763
0.055555555555555566 0.09622504486493763
0.04938271604938273 0.08553337321327789
0.04938271604938273 0.08553337321327789
0.03703703703703705 0.08553337321327789
0.03703703703703705 0.08553337321327789
0.04320987654320989 0.07484170156161817
0.04320987654320989 0.07484170156161817
0.03703703703703705 0.06415002990995843
0.03703703703703705 0.06415002990995843
0.024691358024691367 0.06415002990995843
0.024691358024691367 0.06415002990995843
0.018518518518518524 0.07484170156161817
0.018518518518518524 0.07484170156161817
0.012345679012345685 0.06415002990995843
0.012345679012345685 0.06415002990995843
0.0 0.06415002990995843
0.0 0.06415002990995843
0.006172839506172841 0.05345835825829869
0.006172839506172841 0.05345835825829869
3.469446951953614e-18 0.04276668660663895
3.469446951953614e-18 0.04276668660663895
0.012345679012345682 0.04276668660663896
0.012345679012345682 0.04276668660663896
0.018518518518518524 0.03207501495497922
0.018518518518518524 0.03207501495497922
0.012345679012345684 0.02138334330331948
0.012345679012345684 0.02138334330331948
-1.734723475976807e-18 0.02138334330331948
-1.734723475976807e-18 0.02138334330331948
0.006172839506172843 0.01069167165165974
0.006172839506172843 0.01069167165165974
0.0 0.0
